3
0.0	0.0
0.0	3.5
3.03	1.75
4
0.0	0.0
1.19	1.75
0.0	3.5
3.5	1.75
6
0.0	0.0
0.51	0.86
0.65	1.75
0.51	2.64
0.0	3.5
3.5	1.75
6
0.0	0.0
0.0	0.81
1.57	1.75
0.0	2.69
0.0	3.50
3.03	1.75
3
0.0	0.0
0.0	3.5
1.75	1.75
7
0.81	0.0
0.81	0.89
0.0	0.89
0.0	2.62
0.81	2.62
0.81	3.5
2.57	1.75
6
0.0	0.0
1.75	1.75
0.0	3.5
1.5	3.5
3.25	1.75
1.5	0.0
9
1.17	0.0
2.44	1.27
0.0	1.27
0.0	2.24
2.44	2.24
1.17	3.5
2.36	3.5
4.11	1.75
2.36	0.0
10
0.0	0.0
0.0	1.52
0.69	1.52
0.69	1.07
1.8	1.75
0.69	2.44
0.69	1.96
0.0	1.96
0.0	3.5
2.95	1.75
14
1.27    0.0
3.48    1.45
1.27    2.9
1.27    2.14
0.0     2.14
0.0     1.7
1.65    1.7
1.65    2.09
2.67    1.45
1.65    0.81
1.65    1.2
0.0     1.2
0.0     0.76
1.27    0.76
10
0.0     0.0
3.07    1.84
0.0     3.68
0.0     2.06
1.09    2.06
1.09    2.57
1.84    1.84
1.09    1.09
1.09    1.6
0.0     1.6
8
0.0     0.0
3.45    2.0
0.0     4.0
0.0     3.05
0.56    2.54
0.74    2.0
0.56    1.47
0.0     0.97
7
1.88    0.0
3.53    1.65
1.88    3.3
1.88    2.29
0.0     2.29
0.0     1.01
1.88    1.01
8
4.421	-54.199
-7.877	-73.384
28.154	-54.199
33.566	-54.199
-14.737	-79.355
1.880	-54.224
-14.737	-29.069
33.566	-54.199
10
-24.571	-55.063
-6.276	-45.280
-24.571	-35.599
-17.456	-45.280
-25.054	-45.280
-41.697	-20.353
8.283	-45.280
-41.697	-70.385
-25.054	-45.280
-17.456	-45.280
32
16.338	2.515
19.870	-4.726
21.547	-10.214
22.360	-16.313
27.442	-16.313
27.290	-14.356
26.832	-12.247
26.121	-9.884
24.850	-7.470
43.324	-16.313
24.850	-25.943
26.070	-23.555
26.807	-21.115
27.214	-18.930
27.442	-16.313
22.360	-16.313
21.649	-22.818
19.870	-29.170
16.338	-35.548
54.047	-16.313
57.375	-16.313
11.561	-39.639
15.525	-34.023
18.523	-28.535
20.277	-22.284
20.785	-16.313
20.023	-10.494
18.498	-5.158
15.627	0.787
11.561	6.581
57.375  -16.313
54.047	-16.313
6
-75.975 -78.694
-79.507	-80.448
-79.507	-79.711
-78.491	-78.694
-79.507	-77.678
-79.507	-76.941
13
-73.587	-77.830
-73.612	-76.941
-71.859	-78.694
-73.612	-80.448
-73.612	-79.558
-74.070	-79.482
-74.375	-79.304
-74.552	-78.999
-74.629	-78.694
-74.552	-78.389
-74.375	-78.110
-74.070	-77.907
-73.612	-77.830
7
-67.819	-78.008
-67.819	-76.941
-67.082	-78.694
-67.819	-80.448
-67.819	-79.380
-69.521	-79.380
-69.521	-78.008
7
-61.771	-78.974
-64.338	-80.448
-63.270	-79.457
-65.252	-79.457
-65.252	-78.491
-63.270	-78.491
-64.338	-77.500
8
-60.424	-77.348
-60.679	-76.941
-58.011	-78.694
-60.679	-80.448
-60.679	-76.941
-60.450	-77.348
-60.450	-80.041
-58.392	-78.694
7
-74.349	-81.769
-71.859	-83.065
-74.349	-84.361
-74.349	-83.573
-75.340	-83.573
-75.340	-82.557
-74.349	-82.557
22
-67.158	-83.344
-68.327	-82.201
-68.327	-82.963
-70.080	-82.963
-69.852	-82.430
-69.470	-81.972
-68.937	-81.667
-68.352	-81.566
-67.666	-81.693
-67.107	-82.074
-66.726	-82.658
-66.599	-83.344
-66.726	-84.005
-67.107	-84.564
-67.692	-84.945
-68.352	-85.072
-68.911	-84.971
-69.420	-84.716
-69.801	-84.310
-70.055	-83.776
-68.327	-83.776
-68.327	-84.539
7
-63.779	-82.582
-63.779	-81.515
-63.042	-83.268
-63.779	-85.021
-63.779	-83.954
-64.617	-83.954
-64.617	-82.582
16
-60.094	-81.896
-60.094	-82.531
-60.907	-82.531
-60.907	-83.903
-60.094	-83.903
-60.094	-84.539
-58.798	-83.217
-60.094	-81.921
-60.297	-81.464
-58.544	-83.217
-60.297	-84.971
-60.297	-84.081
-61.136	-84.081
-61.136	-82.353
-60.297	-82.353
-60.297	-81.464
16
-56.232	-82.099
-55.825	-82.938
-57.020	-82.938
-57.020	-83.802
-55.825	-83.802
-56.232	-84.640
-54.580	-83.370
-56.232	-82.125
-56.664	-81.616
-54.250	-83.370
-56.664	-85.123
-56.156	-83.980
-57.223	-83.980
-57.223	-82.760
-56.156	-82.760
-56.664	-81.616
22
-52.827	-83.014
-52.217	-83.014
-52.217	-82.531
-51.302	-83.446
-52.217	-84.361
-52.217	-83.878
-52.827	-83.878
-52.827	-84.869
-50.464	-83.446
-52.827	-82.048
-53.056	-81.693
-50.108	-83.446
-53.056	-85.199
-53.056	-83.675
-52.014	-83.675
-52.014	-83.929
-51.556	-83.446
-52.014	-82.963
-52.014	-83.243
-53.056	-83.243
-53.056	-81.693
-52.827 -82.048
10
-45.433	-83.649
-47.186	-85.403
-47.186	-84.539
-46.830	-84.208
-48.660	-84.539
-47.643	-83.649
-48.660	-82.785
-46.830	-83.116
-47.186	-82.785
-47.186	-81.896
10
-76.534 -83.649
-81.210	-85.682
-79.863	-83.649
-81.210	-81.566
-80.371	-82.252
-79.431	-83.649
-80.371	-85.021
-77.195	-83.649
-80.371 -82.252
-81.210 -81.566
10
-80.295	-88.223
-81.134	-87.537
-76.458	-89.621
-81.134	-91.653
-79.787	-89.621
-81.134	-87.537
-80.295	-88.223
-78.643	-89.621
-80.295	-90.993
-77.119	-89.621
206
73.206	41.113
79.075	59.103
79.507	59.459
99.124	59.459
99.658	58.976
105.680	40.808
116.098	37.454
122.450	46.093
123.263	45.992
116.606	36.895
116.962	25.664
121.942	22.030
123.568	24.317
125.068	27.010
126.440	30.060
127.609	33.287
128.574	36.590
129.260	39.868
129.616	43.019
129.616	45.890
123.263	45.992
122.450	46.093
116.530	65.354
116.962	65.888
121.891	69.521
121.129	70.639
120.214	71.732
119.198	72.850
118.080	73.943
115.615	76.077
112.896	78.059
111.499	79.025
110.050	79.889
107.179	81.464
104.409	82.760
101.767	83.700
99.734	77.856
106.086	68.810
116.962	65.888
116.530	65.354
106.137	68.200
99.658	58.976
99.124	59.459
105.476	68.479
99.530	77.144
79.914	77.144
76.306	71.707
74.425	68.911
73.841	68.073
73.663	67.844
79.507	59.459
79.075	59.103
73.104	67.488
62.483	64.312
62.381	64.973
73.104	68.200
79.202	77.144
76.941	83.649
74.400	82.658
71.707	81.286
68.937	79.634
66.167	77.754
63.525	75.696
61.009	73.536
58.773	71.300
56.867	69.064
56.333	69.445
58.061	71.579
60.221	73.765
62.737	75.975
65.481	78.084
68.378	80.041
71.275	81.743
74.120	83.141
76.763	84.132
79.787	84.894
82.938	85.428
86.190	85.707
89.468	85.784
92.746	85.657
95.922	85.326
98.997	84.818
101.868	84.157
103.291	83.751
104.689	83.268
106.112	82.684
107.535	82.023
110.381	80.498
113.150	78.720
115.818	76.738
118.283	74.552
120.545	72.240
121.561	71.046
122.501	69.826
123.390	68.556
124.229	67.209
125.728	64.338
126.414	62.838
127.024	61.288
128.117	58.112
129.006	54.911
129.667	51.760
130.099	48.710
130.226	47.288
130.277	45.890
130.175	43.019
129.768	39.868
129.082	36.564
128.142	33.185
126.999	29.907
125.652	26.807
124.940	25.384
124.153	24.037
123.365	22.767
122.527	21.623
122.222	21.827
122.527	21.623
120.621	19.108
118.410	16.745
115.996	14.559
113.379	12.527
110.635	10.723
107.763	9.147
104.867	7.800
101.919	6.708
99.149	5.996
96.075	5.488
92.822	5.183
89.443	5.082
86.089	5.209
82.862	5.539
79.838	6.047
77.119	6.733
74.197	7.800
71.325	9.147
68.530	10.748
65.811	12.552
63.245	14.585
60.806	16.770
58.570	19.108
56.537	21.573
55.038	23.834
53.564	26.553
52.192	29.602
50.972	32.829
49.930	36.158
49.168	39.436
48.685	42.561
48.583	45.407
48.634	48.482
48.990	51.607
49.625	54.758
50.515	57.883
51.658	60.958
53.030	63.931
54.580	66.777
56.333	69.445
62.381	64.973
62.483	64.312
56.333	45.560
62.635	37.555
62.584	37.555
73.257	40.986
73.257	40.198
62.889	36.895
62.635	25.969
62.025	25.638
62.229	37.047
55.622	45.483
49.092	45.331
49.320	42.485
49.829	39.385
50.591	36.158
51.582	32.880
52.776	29.704
54.097	26.731
55.495	24.088
56.969	21.878
62.025	25.638
62.635	25.969
78.923	14.051
79.075	13.365
77.322	7.318
80.168	6.632
83.243	6.149
86.470	5.844
89.773	5.717
93.051	5.818
96.176	6.123
99.124	6.606
101.741	7.318
99.708	13.518
89.214	17.227
79.075	13.365
78.923	14.051
89.011	17.787
89.214	28.510
89.722	28.510
89.519	17.787
99.962	13.975
116.276	25.765
115.971	36.768
105.527	40.198
89.722	28.510
89.214	28.510
73.257	40.198
50
31.359	22.915
28.869	23.956
26.683	25.227
24.676	26.624
22.821	28.047
21.042	29.47
19.264	30.741
18.374	31.3
17.46	31.783
15.478	32.52
14.283	32.748
13.724	32.774
13.191	32.723
12.225	32.469
11.361	32.037
10.675	31.427
10.116	30.69
9.71	29.877
9.43	28.962
9.328	28.047
9.379	27.107
9.608	26.192
10.014	25.354
10.599	24.592
11.387	23.931
12.327	23.423
13.496	23.092
12.403	22.686
11.463	22.101
10.726	21.415
10.142	20.653
9.735	19.815
9.506	18.951
9.455	18.061
9.532	17.172
9.786	16.333
10.167	15.571
10.726	14.885
11.412	14.301
12.251	13.869
13.191	13.564
14.283	13.462
15.478	13.564
16.85	13.97
18.374	14.834
21.932	17.375
24.015	18.874
26.277	20.374
28.716	21.771
30.012	22.381
59
-85.047 158.583
-75.950	167.706
-85.047	176.828
-126.084	176.828
-126.846	176.777
-127.583	176.650
-129.006	176.116
-130.277	175.278
-131.395	174.134
-132.309	172.788
-133.021	171.237
-133.478	169.560
-133.580	168.646
-133.631	167.706
-133.478	165.851
-133.021	164.123
-132.309	162.573
-131.395	161.226
-130.277	160.133
-129.006	159.295
-127.583	158.761
-126.084	158.583
-85.047	158.583
-129.362	157.745
-130.581	158.456
-131.725	159.320
-132.716	160.387
-133.580	161.607
-134.266	162.979
-134.774	164.453
-135.104	166.054
-135.206	167.706
-135.155	168.798
-135.028	169.840
-134.774	170.856
-134.469	171.822
-134.088	172.762
-133.631	173.626
-132.513	175.176
-131.166	176.472
-130.404	177.006
-129.616	177.438
-128.777	177.793
-127.913	178.047
-126.999	178.200
-126.084	178.251
-84.615	178.251
-74.070	167.706
-69.521	163.157
-80.066	152.460
-121.536	152.460
-122.730	152.561
-123.924	152.841
-125.042	153.323
-126.084	153.933
-127.049	154.721
-127.939	155.610
-128.701	156.627
-129.362	157.745
67
-73.104 -129.819
-75.035	-129.819
-74.934	-135.663
-79.507	-132.665
-80.168	-134.190
-74.934	-137.696
-74.934	-145.827
-81.794	-141.711
-82.302	-135.663
-83.827	-135.155
-83.624	-140.593
-88.503	-137.696
-89.671	-139.475
-84.640	-142.372
-89.468	-144.659
-88.503	-146.031
-82.912	-143.337
-75.645	-147.403
-82.912	-151.519
-88.503	-148.775
-89.468	-150.147
-84.640	-152.485
-89.671	-155.331
-88.503	-157.160
-83.624	-154.264
-83.827	-159.651
-82.302	-159.142
-81.794	-153.146
-74.934	-149.029
-74.934	-157.160
-80.168	-160.616
-79.507	-162.141
-74.934	-159.142
-75.035	-164.987
-73.104	-164.987
-73.206	-159.142
-68.632	-162.141
-67.971	-160.616
-73.206	-157.160
-73.206	-149.029
-66.294	-153.146
-65.837	-159.142
-64.312	-159.651
-64.515	-154.264
-59.637	-157.160
-58.417	-155.331
-63.448	-152.485
-58.671	-150.147
-59.637	-148.775
-65.227	-151.519
-72.494	-147.403
-65.227	-143.337
-59.637	-146.031
-58.671	-144.659
-63.448	-142.372
-58.417	-139.475
-59.637	-137.696
-64.515	-140.593
-64.312	-135.155
-65.837	-135.663
-66.294	-141.711
-73.206	-145.827
-73.206	-137.696
-67.971	-134.190
-68.632	-132.665
-73.206	-135.663
-73.104	-129.819
