4
0 13.01
13.01 13.01
13.01 0
0 0
20
0.864 13.01
12.146 13.01
12.502 12.934
12.756 12.756
12.934 12.502
13.01 12.146
13.01 0.864
12.934 0.534
12.756 0.254
12.502 0.076
12.146 0
0.864 0
0.534 0.076
0.254 0.254
0.077 0.534
0 0.864
0 12.146
0.077 12.502
0.254 12.756
0.534 12.934
22
2.033 13.01
10.952 13.01
11.765 12.858
12.4 12.426
12.858 11.765
13.01 10.977
13.01 2.058
12.858 1.271
12.4 0.61
11.765 0.153
10.952 0
2.033 0
1.627 0.051
1.245 0.153
0.61 0.61
0.153 1.271
0.051 1.652
0 2.058
0 10.977
0.153 11.765
0.61 12.426
1.245 12.858
33
3.456 13.01
9.555 13.01
10.266 12.934
10.901 12.731
11.486 12.426
11.994 11.994
12.426 11.485
12.731 10.901
12.934 10.266
13.01 9.554
13.01 3.456
12.934 2.77
12.731 2.135
12.426 1.55
11.994 1.017
11.486 0.61
10.901 0.28
10.266 0.076
9.555 0
3.456 0
2.77 0.076
2.135 0.28
1.55 0.61
1.017 1.017
0.28 2.135
0.077 2.77
0 3.456
0 9.554
0.28 10.901
0.61 11.485
1.017 11.994
1.55 12.426
2.135 12.731
33
6.505 13.01
7.827 12.883
9.046 12.502
10.164 11.892
11.105 11.104
11.892 10.164
12.248 9.631
12.502 9.046
12.883 7.826
13.01 6.505
12.883 5.209
12.502 3.989
11.892 2.871
11.105 1.906
10.164 1.118
9.046 0.508
7.827 0.127
6.505 0
5.209 0.127
3.99 0.508
2.872 1.118
1.906 1.906
1.118 2.871
0.509 3.989
0.127 5.209
0 6.505
0.127 7.826
0.509 9.046
1.118 10.164
1.906 11.104
2.872 11.892
3.99 12.502
5.209 12.883
16
0.533 13.543
3.786 13.95
7.038 14.077
10.291 13.95
13.543 13.543
13.95 10.316
14.077 7.064
13.95 3.811
13.543 0.533
10.291 0.127
7.038 0
3.786 0.127
0.533 0.533
0.127 3.811
0 7.064
0.127 10.316
32
2.389 13.468
4.676 13.823
6.962 13.925
9.249 13.823
11.536 13.468
12.248 13.214
12.807 12.807
13.213 12.248
13.467 11.536
13.823 9.25
13.925 6.963
13.823 4.676
13.467 2.389
13.213 1.677
12.807 1.118
12.248 0.712
11.536 0.458
9.249 0.127
6.962 0
4.676 0.127
2.389 0.458
1.677 0.712
1.118 1.118
0.712 1.677
0.457 2.389
0.127 4.676
0 6.963
0.127 9.25
0.457 11.536
0.712 12.248
1.118 12.807
1.677 13.214
8
2.033 13.01
10.952 13.01
13.01 10.977
13.01 2.058
10.952 0
2.033 0
0 2.058
0 10.977
6
2.033 13.01
13.01 13.01
13.01 2.058
10.952 0
0 0
0 10.977
16
2.185 13.01
13.009 13.01
13.009 2.185
12.959 1.779
12.832 1.372
12.628 1.016
12.349 0.686
12.018 0.406
11.637 0.203
11.231 0.051
10.824 0
0 0
0 10.825
0.177 11.688
0.635 12.375
1.346 12.857
16
0 13.01
3.253 12.68
6.505 12.578
9.757 12.68
13.01 13.01
12.68 9.783
12.578 6.531
12.68 3.278
13.01 0
9.757 0.331
6.505 0.432
3.253 0.331
0 0
0.33 3.278
0.432 6.531
0.33 9.783
16
0.483 13.823
3.888 13.239
7.217 13.036
10.444 13.264
13.544 13.823
13.137 10.622
13.01 7.369
13.112 4.117
13.467 0.864
10.24 0.229
7.013 0
3.761 0.204
0.483 0.864
0.127 4.091
0 7.318
0.127 10.561
21
3.735 12.984
12.527 12.984
13.289 12.832
13.874 12.4
14.229 11.79
14.255 11.002
12.857 1.982
12.578 1.22
12.044 0.584
11.333 0.152
10.519 0
1.728 0
0.965 0.152
0.381 0.584
0.05 1.22
0 1.982
1.397 11.002
1.702 11.79
2.21 12.4
2.922 12.832
3.328 12.959
12
1.195 1.016
0 5.539
2.186 9.655
1.118 14.051
5.54 15.169
9.58 12.959
14.027 14
15.17 9.63
12.959 5.463
14.103 1.041
9.58 0
5.54 2.159
28
0 5.539
2.16 9.655
1.703 12.196
1.677 13.035
1.881 13.619
2.338 14.077
3.05 14.458
5.514 15.169
9.555 12.959
12.146 13.467
12.985 13.492
13.569 13.264
14.027 12.832
14.408 12.095
15.145 9.63
12.934 5.463
13.366 2.973
13.391 2.159
13.163 1.55
12.731 1.118
11.994 0.736
9.555 0
5.514 2.159
2.999 1.626
2.16 1.6
1.55 1.804
1.118 2.261
0.737 2.998
43
12.73 5.234
13.823 7.546
14.255 8.715
14.509 9.808
14.585 11.078
14.484 11.637
14.28 12.095
13.696 12.679
13.289 12.882
12.807 13.009
11.358 13.035
10.443 12.933
9.376 12.73
6.937 13.848
5.743 14.28
4.599 14.534
3.379 14.585
2.871 14.458
2.414 14.255
2.084 13.95
1.829 13.518
1.652 12.984
1.55 12.298
1.601 11.027
1.88 9.376
0.661 6.708
0.229 5.386
0 4.167
0.076 3.125
0.254 2.668
0.483 2.286
1.321 1.727
1.906 1.575
2.643 1.524
5.234 1.88
8.08 0.609
9.478 0.177
10.748 0
11.689 0.152
12.451 0.584
12.908 1.397
13.086 2.642
12.984 3.786
12
0 13.594
1.575 12.984
12.272 12.984
13.796 13.594
13.136 12.273
13.136 1.296
13.796 0
12.246 0.457
1.6 0.457
0 0
0.635 1.321
0.635 12.248
18
4.727 12.349
13.01 12.985
12.35 4.701
12.223 4.066
11.918 3.38
10.927 2.084
9.631 1.118
8.97 0.813
8.31 0.661
0 0
0.661 8.284
0.814 8.919
1.144 9.58
1.601 10.266
2.16 10.875
2.796 11.434
3.456 11.892
4.117 12.222
27
13.112 6.53
13.112 2.16
12.629 2.109
12.223 1.956
11.841 1.753
11.537 1.448
11.105 0.762
10.952 0
6.582 0
2.186 0
2.033 0.762
1.627 1.448
1.322 1.753
0.941 1.956
0 2.16
0 6.53
0 10.952
0.941 11.155
1.627 11.663
2.033 12.349
2.186 13.111
6.582 13.111
10.952 13.111
11.105 12.349
11.537 11.663
12.223 11.155
13.112 10.952
44
12.73 12.73
12.324 12.044
12.044 11.307
11.892 10.494
11.816 9.655
11.943 7.902
12.248 6.123
12.578 4.421
12.781 2.846
12.705 1.55
12.502 1.016
12.171 0.584
11.714 0.279
11.18 0.076
9.859 0
8.309 0.203
6.607 0.533
4.853 0.838
3.1 0.965
2.287 0.914
1.499 0.762
0.762 0.482
0.051 0.05
0.508 0.762
0.813 1.524
1.016 3.15
0.889 4.878
0.559 6.606
0.203 8.283
0 9.833
0 10.545
0.076 11.18
0.28 11.739
0.61 12.196
1.042 12.527
1.575 12.73
2.185 12.806
2.871 12.806
4.396 12.603
6.098 12.247
7.852 11.942
9.605 11.815
11.282 12.019
12.044 12.298
24
0 9.123
1.626 10.647
3.253 11.841
4.879 12.68
6.48 12.959
7.318 12.883
8.131 12.68
9.758 11.841
11.384 10.647
13.01 9.123
13.01 6.455
13.01 3.786
11.384 2.287
9.758 1.093
8.131 0.28
7.318 0.077
6.48 0
5.692 0.077
4.879 0.305
4.066 0.636
3.253 1.093
1.626 2.313
0 3.786
0 6.455
8
3.786 12.655
8.868 12.655
12.654 8.868
12.654 3.786
8.868 0
3.786 0
0 3.786
0 8.868
45
0.941 0.076
1.957 0
2.948 0.127
3.964 0.331
4.955 0.585
6.988 1.144
8.005 1.347
9.021 1.423
10.063 1.347
11.079 1.169
13.087 0.61
14.103 0.356
15.094 0.127
16.11 0.026
17.101 0.076
17.432 1.194
17.635 2.338
17.965 4.574
18.118 6.835
18.118 9.072
18.118 11.333
17.991 13.569
17.686 15.831
17.178 18.067
16.161 18.143
15.17 18.016
13.137 17.533
11.13 16.999
10.114 16.796
9.072 16.745
8.03 16.796
6.988 16.999
4.981 17.533
2.948 18.016
1.957 18.143
0.941 18.067
0.432 15.831
0.153 13.569
0 11.333
0 9.072
0 6.835
0.153 4.574
0.432 2.338
0.661 1.194
0.941 0.076
48
1.042 17.634
2.083 18.117
3.125 18.422
4.167 18.549
5.209 18.575
7.267 18.295
9.325 17.914
11.383 18.321
13.467 18.6
14.509 18.6
15.525 18.448
16.567 18.143
17.609 17.634
18.143 16.593
18.473 15.551
18.625 14.509
18.625 13.467
18.371 11.409
17.939 9.325
18.371 7.242
18.651 5.158
18.651 4.116
18.473 3.075
18.143 2.033
17.609 0.965
16.567 0.483
15.5 0.178
13.442 0
11.333 0.279
9.224 0.711
7.165 0.254
5.082 0
4.04 0.051
2.998 0.229
1.956 0.584
0.915 1.143
0.457 2.185
0.178 3.202
0.051 4.243
0.051 5.26
0.152 6.276
0.305 7.293
0.711 9.351
0.279 11.434
0 13.493
0.025 14.534
0.203 15.551
0.533 16.593
62
3.507 34.964
5.362 35.091
6.785 35.371
9.198 36.286
10.698 36.769
12.629 37.175
15.246 37.48
18.778 37.582
22.335 37.48
24.953 37.175
26.909 36.769
28.383 36.286
30.822 35.371
32.245 35.091
34.075 34.964
34.227 33.414
34.608 32.144
35.803 29.628
36.463 27.977
37.022 25.741
37.429 22.768
37.581 18.804
37.429 14.865
37.022 11.892
36.463 9.732
35.803 8.081
34.608 5.641
34.38 5.057
34.227 4.371
34.126 3.634
34.075 2.795
33.211 2.795
32.423 2.719
31.076 2.414
29.882 1.982
28.612 1.449
27.062 0.915
25.029 0.458
22.361 0.127
18.778 0
15.221 0.127
12.553 0.458
10.545 0.915
9.021 1.449
6.53 2.414
5.184 2.719
3.456 2.795
3.329 4.295
2.948 5.54
1.753 8.004
1.118 9.656
0.559 11.867
0.153 14.84
0 18.804
0.051 20.938
0.153 22.768
0.33 24.368
0.559 25.715
1.118 27.926
1.753 29.552
2.973 32.068
3.354 33.364
50
24.978 50.033
29.933 47.619
34.557 45.255
36.743 44.061
38.801 42.842
40.732 41.596
42.511 40.25
44.137 38.827
45.611 37.328
46.856 35.676
47.923 33.923
48.787 31.991
49.422 29.908
49.803 27.621
49.93 25.131
49.803 22.641
49.422 20.379
48.812 18.295
47.974 16.364
46.932 14.611
45.661 12.985
44.238 11.486
42.612 10.037
40.859 8.69
38.928 7.42
34.684 4.981
24.978 0
15.271 5.082
11.028 7.547
9.096 8.818
7.292 10.164
5.692 11.613
4.243 13.112
2.998 14.738
1.931 16.466
1.118 18.372
0.508 20.43
0.127 22.691
0 25.131
0.152 27.596
0.559 29.857
1.194 31.915
2.058 33.796
3.151 35.549
4.396 37.15
5.869 38.649
7.47 40.046
9.249 41.393
11.18 42.638
15.398 45.078
40
19.439 1.525
17.66 0.788
15.932 0.305
14.28 0.076
12.705 0
11.18 0.102
9.707 0.305
6.784 0.915
5.336 1.296
3.964 1.804
2.719 2.668
2.134 3.278
1.626 4.04
1.169 5.006
0.788 6.124
0.483 7.496
0.229 9.071
0 13.035
0.051 15.475
0.203 18.219
2.007 18.956
3.735 19.413
5.387 19.667
6.937 19.718
8.462 19.617
9.935 19.413
12.857 18.778
14.306 18.448
15.653 17.914
16.313 17.558
16.923 17.076
17.482 16.466
17.99 15.678
18.473 14.738
18.854 13.62
19.185 12.273
19.413 10.672
19.591 8.843
19.642 6.708
19.439 1.525
97
8.487 66.447
11.587 65.532
14.662 64.744
17.762 64.058
20.837 63.499
23.937 63.067
27.037 62.762
30.137 62.559
33.237 62.508
39.488 62.762
45.713 63.499
51.989 64.744
58.24 66.447
59.079 66.65
59.892 66.676
60.705 66.574
61.518 66.345
62.306 66.015
63.068 65.608
63.78 65.075
64.44 64.465
65.558 63.093
66.321 61.517
66.575 60.704
66.702 59.84
66.524 58.163
65.762 55.038
65.075 51.912
64.491 48.787
64.008 45.662
63.627 42.562
63.348 39.436
63.17 36.336
63.093 33.211
63.297 27.011
63.551 23.911
63.907 20.785
64.999 14.585
66.524 8.41
66.702 7.597
66.727 6.759
66.397 5.107
65.634 3.583
64.516 2.21
63.144 1.118
61.569 0.355
59.917 0
59.079 0
58.24 0.127
52.04 1.499
45.815 2.465
39.589 3.049
33.364 3.227
30.264 3.176
27.164 3.024
24.064 2.795
20.938 2.439
17.838 2.007
14.713 1.474
11.613 0.864
8.487 0.127
6.81 0
5.133 0.355
3.558 1.118
2.186 2.236
1.068 3.608
0.636 4.345
0.305 5.133
0.077 5.946
0 6.784
0.026 7.597
0.204 8.41
1.906 14.585
3.1 20.785
3.787 27.011
3.99 33.211
3.939 36.336
3.736 39.436
3.456 42.562
3.024 45.662
2.491 48.787
1.855 51.912
1.093 55.038
0.204 58.163
0.051 59.002
0.026 59.84
0.127 60.679
0.356 61.492
0.712 62.305
1.144 63.067
2.262 64.465
3.634 65.608
4.396 66.015
5.184 66.345
6.023 66.574
6.836 66.676
7.674 66.65
54
8.283 66.32
11.383 65.405
14.458 64.617
17.533 63.957
20.607 63.398
23.707 62.966
26.807 62.661
29.907 62.458
33.007 62.407
39.233 62.661
45.484 63.398
51.76 64.617
58.036 66.32
66.32 58.036
65.558 54.911
64.871 51.785
64.287 48.66
63.804 45.535
63.423 42.435
63.144 39.309
62.966 36.209
62.889 33.084
63.093 26.884
63.347 23.784
63.703 20.658
64.795 14.458
66.32 8.283
58.036 0
54.936 0.737
51.811 1.372
45.585 2.338
39.36 2.922
33.134 3.1
30.034 3.049
26.934 2.922
23.834 2.668
20.709 2.338
17.609 1.906
14.509 1.372
11.409 0.737
8.283 0
0 8.283
1.702 14.458
2.896 20.658
3.583 26.884
3.786 33.084
3.735 36.209
3.532 39.309
3.252 42.435
2.82 45.535
2.287 48.66
1.651 51.785
0.889 54.911
0 58.036
9
5.615 58.113
52.497 58.113
58.112 52.497
58.112 5.616
52.497 0
5.615 0
0 5.616
0 52.497
5.615 58.113
68
27.417 2.44
26.96 4.117
26.96 5.794
27.315 7.522
27.874 9.224
29.145 12.655
29.628 14.357
29.806 16.06
29.628 17.762
29.17 19.439
27.9 22.742
27.341 24.394
26.985 26.046
26.985 27.723
27.138 28.561
27.417 29.4
26.604 29.705
25.791 29.832
24.952 29.883
24.114 29.806
23.275 29.679
22.411 29.451
20.709 28.866
17.278 27.57
15.576 27.088
13.874 26.91
12.196 27.088
10.519 27.57
7.191 28.841
5.539 29.425
3.862 29.756
2.185 29.756
1.321 29.603
0.457 29.298
0.178 28.46
0.025 27.596
0.025 25.893
0.381 24.242
0.94 22.565
2.21 19.261
2.668 17.584
2.846 15.882
2.668 14.205
2.185 12.502
0.914 9.072
0.355 7.395
0 5.692
0 4.041
0.457 2.389
1.321 2.694
2.185 2.872
3.023 2.923
3.862 2.846
5.539 2.516
7.191 1.932
10.519 0.661
12.196 0.178
13.874 0
15.576 0.178
17.278 0.661
20.709 1.957
22.411 2.541
23.275 2.745
24.114 2.872
24.952 2.948
25.791 2.897
26.604 2.745
27.417 2.44
36
0 2.083
0 25.333
0.737 25.587
1.448 25.715
2.896 25.689
4.37 25.384
5.844 24.876
8.817 23.733
10.291 23.326
11.739 23.174
13.187 23.326
14.636 23.733
17.482 24.876
18.905 25.384
20.328 25.689
21.065 25.74
21.776 25.715
23.224 25.333
23.275 2.083
22.538 2.363
21.801 2.49
21.09 2.515
20.353 2.464
18.93 2.159
17.507 1.651
14.661 0.559
13.213 0.152
11.739 0
10.316 0.152
8.842 0.559
5.869 1.651
4.396 2.159
2.896 2.464
1.448 2.49
0.737 2.363
0 2.083
36
4.65 55.368
50.718 55.368
51.659 55.267
52.523 55.013
53.31 54.581
53.996 53.996
54.581 53.31
55.013 52.522
55.267 51.658
55.368 50.718
55.368 4.65
54.53 4.548
53.691 4.269
52.904 3.811
52.192 3.227
51.582 2.541
51.125 1.753
50.82 0.889
50.718 0
4.65 0
3.71 0.102
2.846 0.381
2.058 0.813
1.372 1.372
0.813 2.058
0.381 2.846
0.102 3.71
0 4.65
0 50.718
0.864 50.82
1.728 51.125
2.516 51.608
3.202 52.192
3.812 52.903
4.269 53.691
4.574 54.53
9
4.243 19.998
18.092 19.998
19.997 18.092
19.997 4.244
15.754 0
1.905 0
0 1.906
0 15.754
4.243 19.998
53
43.629 3.609
43.629 11.028
45.229 14.154
46.347 17.279
47.008 20.405
47.237 23.53
47.008 26.656
46.729 28.231
46.347 29.781
45.229 32.906
43.629 36.032
43.629 43.629
36.183 43.604
34.633 44.468
33.058 45.205
29.933 46.323
28.383 46.704
26.807 46.984
23.682 47.212
22.132 47.161
20.556 46.984
19.006 46.704
17.431 46.323
15.881 45.815
14.305 45.205
12.755 44.468
11.18 43.604
3.608 43.604
3.608 36.184
2.769 34.634
2.032 33.059
1.423 31.509
0.914 29.933
0.508 28.383
0.228 26.808
0.05 25.258
0 23.683
0.228 20.557
0.914 17.432
2.032 14.306
2.769 12.756
3.608 11.181
3.608 3.583
11.053 3.609
14.178 2.033
17.304 0.915
20.429 0.229
23.555 0
26.68 0.229
29.806 0.915
32.931 2.033
36.056 3.609
43.629 3.609
39
26.732 0
26.732 9.681
25.69 11.637
24.953 13.645
24.521 15.703
24.369 17.812
24.546 19.997
24.978 22.208
25.715 24.444
26.732 26.731
17.051 26.731
15.119 25.689
14.128 25.283
13.112 24.952
11.028 24.52
9.987 24.419
8.919 24.368
6.759 24.546
4.549 24.978
2.287 25.715
0 26.731
0 17.05
1.068 15.119
1.805 13.111
2.236 11.028
2.364 8.919
2.211 6.759
1.754 4.548
1.042 2.287
0 0
9.682 0
11.638 1.067
13.646 1.804
15.704 2.236
17.813 2.363
19.998 2.21
22.209 1.753
24.445 1.041
26.732 0
113
1.016 17.863
0.787 17.482
0.609 17.025
0.432 16.542
0.279 16.034
0.177 15.5
0.076 14.941
0.025 14.407
0 13.874
0.05 12.883
0.228 11.892
0.533 10.799
1.016 9.427
1.448 8.131
1.626 7.597
1.753 7.115
1.88 6.632
1.956 6.174
2.007 5.692
2.007 5.184
2.007 4.624
1.931 4.065
1.855 3.481
1.727 2.922
1.575 2.363
1.397 1.855
1.219 1.397
1.016 1.016
1.397 0.813
1.88 0.61
2.388 0.432
2.922 0.279
3.506 0.152
4.091 0.076
4.65 0.025
5.209 0
5.717 0.025
6.174 0.076
6.657 0.152
7.114 0.254
8.131 0.559
9.452 1.016
10.799 1.474
11.891 1.779
12.4 1.88
12.882 1.956
13.365 2.007
13.873 2.007
14.407 1.982
14.941 1.931
15.474 1.855
16.033 1.728
16.541 1.575
17.024 1.397
17.482 1.22
17.863 1.016
18.091 1.397
18.269 1.829
18.447 2.338
18.6 2.846
18.727 3.379
18.803 3.938
18.854 4.472
18.879 5.006
18.879 5.514
18.828 5.997
18.752 6.479
18.651 6.988
18.523 7.496
18.346 8.08
17.863 9.427
17.431 10.748
17.126 11.765
16.948 12.705
16.897 13.188
16.872 13.696
16.872 14.255
16.948 14.814
17.024 15.398
17.151 15.957
17.304 16.516
17.482 17.025
17.66 17.482
17.863 17.863
17.482 18.066
17.024 18.27
16.491 18.448
15.957 18.6
15.373 18.727
14.814 18.803
14.229 18.854
13.67 18.879
13.162 18.854
12.705 18.803
12.222 18.727
11.764 18.625
10.748 18.32
9.452 17.863
8.08 17.406
7.521 17.228
6.987 17.101
6.479 16.999
5.996 16.923
5.539 16.872
5.005 16.872
4.497 16.872
3.938 16.948
3.405 17.025
2.845 17.152
2.337 17.304
1.855 17.457
1.397 17.66
1.016 17.863
30
14.204 74.477
88.63 74.477
85.479 63.423
84.26 58.697
83.243 54.301
82.456 50.083
81.897 45.941
81.566 41.698
81.439 37.2
81.236 32.372
80.677 27.316
79.838 22.158
78.822 17.05
76.51 7.572
74.426 0
0 0
2.567 9.3
4.828 18.575
5.743 23.225
6.429 27.9
6.861 32.55
7.013 37.2
7.064 39.538
7.191 41.876
7.649 46.526
8.36 51.201
9.275 55.851
10.368 60.527
11.587 65.177
14.204 74.477
16
4.929 16.364
11.205 14.788
11.663 16.262
14.991 10.723
16.364 11.434
14.788 5.158
16.287 4.701
10.723 1.372
11.434 0
5.183 1.575
4.7 0.101
1.372 5.641
0 4.929
1.575 11.206
0.101 11.663
5.641 14.992
53
45.585 0.051
42.714 1.118
39.843 1.804
36.971 2.185
34.075 2.287
31.178 2.185
28.281 1.931
22.513 1.143
16.796 0.381
11.129 0
8.334 0.102
5.539 0.483
2.795 1.143
0.076 2.16
1.143 4.879
1.804 7.598
2.185 10.393
2.287 13.162
1.905 18.803
1.118 24.521
0.355 30.289
0.101 33.185
0 36.082
0.127 38.979
0.483 41.876
1.169 44.747
2.236 47.618
5.133 46.551
8.004 45.865
10.875 45.509
13.772 45.382
16.669 45.484
19.565 45.738
25.333 46.5
31.051 47.288
33.897 47.567
36.717 47.669
39.512 47.593
42.282 47.212
45.052 46.551
47.745 45.509
46.703 42.816
46.043 40.071
45.661 37.302
45.56 34.507
45.661 31.712
45.916 28.866
46.703 23.148
47.466 17.38
47.821 11.587
47.72 8.69
47.339 5.819
46.652 2.947
27
0 45.255
3.1 46.144
6.149 46.907
9.198 47.567
12.222 48.101
15.246 48.533
18.244 48.813
21.268 48.99
24.267 49.016
30.314 48.787
36.413 48.076
42.613 46.907
48.94 45.255
48.94 0
45.992 0.889
42.994 1.626
36.946 2.77
30.822 3.481
24.648 3.71
21.573 3.684
18.473 3.507
15.373 3.227
12.273 2.82
9.198 2.287
6.124 1.652
3.049 0.889
0 0